67898
63044
59248
61989
58579
65517
23342
58616
49825
58975
24679
27880
68145
58755
29912
61453
23070
51370
62164
58974
63669
33057
59010
56056
72961
60433
70229
59723
59862
80275
62543
60046
84145
60572
47715
77711
22956
28688
18631
17292
60346
59803
37699
59652
19530
26957
68591
46608
46520
75636
12678
42490
60089
41014
74385
77148
57286
22358
60901
46149
74617
75300
73569
60628
32513
62260
60994
50607
23115
64207
65681
33612
58799
24716
59169
63589
67300
68305
83855
16011
25508
62316
62360
65622
56646
15820
85746
62907
63394
19482
59177
61073
65066
63781
75062
39087
13304
73139
18076
19020
60418
73940
15676
63028
64195
57614
14454
68807
29480
14737
61225
78888
62041
70440
72056
64127
64266
62754
80013
18105
40716
47555
18025
72040
49462
33815
10752
61540
61866
63693
76102
40970
77228
18060
55432
64849
61400
62519
64397
20590
70667
30091
65489
38790
32425
27239
78361
32491
79696
78330
33209
78303
63482
61210
14323
62244
66106
50981
39432
77682
63183
75257
59847
14673
41874
65840
38157
55053
70114
16564
74123
43407
53824
68930
60258
31369
62631
62439
63896
10314
65752
46886
38280
63079
83863
13390
57155
41340
62069
63431
72849
69738
64514
68997
55424
57665
69543
62535
46931
53939
16249
14593
62762
64725
63757
29138
63562
17559
84100
64215
44600
43423
51909
64469
61357
65226
31131
22999
70624
33065
63052
63335
44637
66377
74625
64485
31975
37891
57403
55969
20125
64135
26594
15828
22497
29314
68524
76305
58895
30905
40540
45154
74916
68196
32540
44170
80486
12854
29285
72902
44792
63386
31203
38894
47408
51204
65031
63159
44821
25946
16206
25882
63642
63213
70608
59695
63968
64119
29050
63570
78404
64813
23262
63124
50201
57075
28629
83417
57841
12750
80929
11077
44928
78307
43327
73243
20467
44346
63247
58500
63888
76100
70843
16433
70106
66836
23422
77914
65103
17014
29568
18738
47723
37402
49905
71037
30780
68180
38747
47942
12117
59011
48187
53429
33911
35968
67521
75409
63810
40484
11835
47352
49411
84233
79637
66667
24935
63714
14112
26287
18121
17356
39854
64258
63327
55037
38819
60856
68611
63378
74150
17516
12432
71459
44362
55750
71002
46464
72371
18650
63490
10969
63758
66181
73892
28143
69607
10429
27370
23529
64098
80419
47133
63221
70827
38173
44266
28813
45277
24556
37154
47491
42578
43020
69914
63538
56953
78482
53306
25770
40425
44282
45525
18957
63618
54907
24898
74051
81091
25452
11704
79303
78175
31721
41356
65509
25778
78425
40476
10816
16054
41284
58641
63483
73374
33567
49307
25786
31801
45285
38528
27706
20336
48291
74895
31238
81227
24548
42324
47141
48443
74027
21769
30278
71918
25911
66801
78458
28696
74230
25399
27036
64661
16273
29752
54798
44856
55547
75505
68049
73606
15684
20248
37429
33508
32169
79522
80654
34199
58094
32206
78448
64611
38691
59601
18092
74641
39475
44485
70835
53015
74086
10517
12192
74561
49083
77252
14876
67037
64961
14905
61146
30147
75879
78626
42084
65024
22016
67011
57497
38520
62149
67504
41049
62472
70595
18279
64610
62675
48785
52602
65032
53787
63635
65541
67871
63555
27087
38085
40361
79258
79119
30075
66211
64688
37322
70632
76276
79733
20651
29832
13777
30606
35450
35984
64821
80734
79848
12424
15932
19853
83759
50543
14614
37357
44194
57323
45197
26826
37058
81593
62026
75345
16300
28266
69041
71862
24927
51960
11983
69359
70000
75110
44397
80689
19888
34332
51845
18287
83118
66456
35706
42316
64654
66202
20918
54616
28936
29648
45402
29111
16177
65891
65059
64960
64928
24572
65761
43167
80056
44768
43239
85033
44389
66174
75054
76743
24097
31150
65090
12590
67571
65074
30737
66253
68582
60135
78415
66843
42295
47889
80179
26490
72099
24695
25794
27044
44071
64072
79477
17604
25639
27992
48267
50359
24142
67010
17065
38982
27407
74107
34906
15422
32142
46472
67387
36944
51562
70819
75206
25938
81243
28346
78706
81104
15131
30227
32599
44661
50922
64048
72072
16185
28434
53509
80267
82502
18244
65306
11181
14016
71942
10701
67176
63750
10293
77658
69957
31342
33049
52282
70384
14008
74203
39029
65250
40759
40572
20782
66878
39590
65314
47619
65058
77957
15916
67555
51450
80427
70915
52434
59636
14622
67942
16003
18666
31748
75548
82828
23537
43610
51677
66449
69649
53050
14649
23588
44645
45891
72304
83011
20205
75361
67520
45242
45744
53445
56435
62200
62296
68874
16970
29728
43263
25612
67897
46018
65227
73921
69307
42746
44410
49753
60688
72996
22518
40222
65357
10269
14171
32620
47731
75273
83636
84180
28311
68727
20213
30809
66907
37736
42535
49534
67600
80710
65330
64523
78992
23318
26121
27028
35458
35829
40521
47598
50703
84137
21427
34877
44143
60389
14657
17930
21371
27124
48371
69710
27800
65322
51335
15991
40345
75986
76639
66536
34041
34834
67934
59337
81083
65242
66413
16863
20483
23660
66579
51992
75249
65664
16460
38181
77172
17962
10066
67125
15748
25340
28848
40898
47221
73956
67109
15473
61621
73075
34201
21689
27909
12299
58203
65736
13603
21881
46843
65285
20571
18471
41372
16214
24264
83273
14104
33260
35546
42527
25487
36311
62595
63889
68065
69703
31481
44434
64566
68321
75433
83970
61699
10015
69171
66393
46915
58166
66684
11114
65155
27642
35482
78507
65429
15625
58019
52506
26877
79549
32652
35466
64507
18033
22430
33794
61189
66676
80793
19538
52004
50463
52645
56507
73366
80005
67563
61322
68340
74174
78513
12910
22593
27167
28760
29525
50156
72523
73761
65576
43124
44207
65963
65497
25102
34623
23991
69885
65787
46392
49104
63459
66704
79805
68910
61867
68006
78853
10480
32054
52899
19693
21742
31318
68954
82748
65533
20678
24177
27597
61242
67790
43829
89923
52653
65699
66852
28725
54528
48662
35503
37859
54360
69949
74070
75513
13996
74326
78634
61795
65971
11360
52696
62253
71299
18140
23035
25647
43597
46173
46448
61234
62886
68689
68452
69383
87493
80937
22622
14315
40513
34490
68531
52741
61672
61066
14665
28418
34324
66406
82326
37277
10720
18842
20240
37146
41292
42877
52522
63862
70448
67352
72662
73614
83476
29226
64275
74553
15617
81219
14083
15246
22702
29875
35474
36231
46907
70280
79602
33081
61138
75388
79856
17444
33102
42586
49331
54472
73681
78642
10031
22403
22737
27503
28207
30323
74289
22438
23107
24126
35511
73622
65744
68718
68347
29656
35530
39969
72232
20670
23481
24193
34826
39670
65605
79282
84161
16388
17612
19976
20117
26295
26308
68494
44565
11974
25567
27482
27861
30964
37242
65613
88672
68558
68188
14833
20910
52557
71205
48216
55192
66230
11149
36178
36760
39889
67344
57104
68603
84241
31916
23297
36805
76081
72275
13187
15051
15500
68137
40644
43765
45560
48697
73753
24804
33241
51917
52813
30884
65904
43781
45357
76516
66915
69016
51175
70763
82254
30083
38835
42383
42519
79840
31799
29066
83089
67635
70966
42201
57622
24812
69586
73016
13718
18754
78335
65832
24540
66763
25479
44055
18009
76268
41305
48849
64814
74975
11915
39723
67935
44506
31617
80785
69455
81510
45699
70914
23406
39926
77666
82123
11827
21398
34244
49593
19095
22809
72267
76129
47029
57446
20272
30163
87952
53621
22171
78095
34033
83767
19423
66050
53242
26076
25604
90617
69105
10795
50033
41815
52258
24046
66149
76663
16767
82668
76567
28151
68946
48486
21283
67221
70675
76022
14059
22569
37728
45728
67425
72857
65091
66130
42220
83812
67731
25807
42359
73278
53613
66713
59620
84153
90203
73171
82676
11528
79135
10824
38093
35538
25815
26332
35116
36661
62712
18973
80638
87354
12168
13769
24249
15668
68996
77017
70421
68830
22374
63061
81366
50519
42455
31692
21638
61560
69316
58211
12205
46501
28071
82887
14374
23254
66560
51829
78527
50631
48806
66528
56630
66421
62245
30892
79338
19984
66659
49227
88947
66544
86669
91708
20539
66480
86503
87063
89552
87135
88269
85113
88971
91759
93201
66958
88824
86327
67117
87522
92655
86933
85762
91003
66974
66827
90660
91476
91134
85877
89010
91281
88234
89915
88306
89608
66819
91871
92217
91097
85666
86108
85623
90377
87899
89392
78543
92057
92583
87469
88162
91521
85084
88779
86450
90713
85041
88322
75000
86861
67379
78545
92874
90625
91126
92260
90799
67977
90211
93084
85391
86087
89200
86407
91687
86466
87784
87207
87274
92647
93105
93252
86175
87936
90908
91767
91679
67272
91054
88576
89456
90801
93220
67168
85404
93316
67256
89106
12005
92233
87119
90641
87573
93308
67723
85826
78561
86044
91345
91919
92340
67539
67491
90246
67432
87725
86132
90721
92022
87282
85519
89181
67715
86431
88701
67707
86925
87733
92372
86204
86511
67627
85535
90879
89085
92567
89843
92815
90633
89747
86634
85490
85810
89499
86693
86020
88480
89122
91564
87266
67467
90844
86036
92524
90019
85551
87600
67547
67694
69200
85631
92180
86941
92989
89384
87645
92962
86423
89093
90932
91775
85359
87311
88357
88437
90449
85842
78571
89261
91380
92209
68160
88605
92153
85906
87012
67993
90764
87346
87696
87813
91986
89894
63934
92420
91556
91695
88496
91193
92364
85244
88592
88795
89544
91927
87581
88277
86610
90422
75228
92073
90310
67870
86290
87549
88656
91169
89405
85279
85885
85092
85922
87514
90692
86677
88832
89245
90676
92049
90756
86554
86597
86909
92997
92313
93236
68734
87004
89309
86562
91994
90369
10804
88082
86626
87223
88875
87864
87071
86052
92284
87090
68419
87776
92196
86167
69286
68486
68590
68304
88744
92100
85201
90289
86642
90457
92604
85236
91329
92770
85949
87330
88381
89114
89624
90473
92065
85650
92081
68662
91441
93025
85121
86370
86976
90123
91396
92479
91513
91599
88015
91089
68670
85447
86773
88664
52936
87362
90916
88640
91492
85060
85199
85965
86335
85527
87055
87397
68697
85308
86706
87250
88429
91273
92444
92866
92006
93156
88242
10097
85455
87856
90852
90967
92663
85287
85586
88293
88613
90107
85017
86159
86714
86757
88007
89421
92831
85973
88867
91011
87143
87215
10002
10088
10003
69112
10008
68857
10010
10012
10017
10019
75491
10025
69091
10026
10027
10029
10032
10035
10034
68945
10038
10039
10043
10048
10046
10045
10047
87816
10064
68849
10125
10067
10069
10070
10071
75494
10079
10078
10084
75495
10080
10083
10087
10091
10085
10093
10089
10095
10094
10100
10098
10104
10101
10105
75496
10112
69083
10107
10108
68822
10115
10118
10124
10193
69032
69139
10132
10127
10155
10133
10136
10135
10141
10140
10138
10143
10147
10150
75216
10156
10157
10190
10164
10163
10166
10171
10175
69366
69411
10181
10179
71095
10178
10182
10185
10192
10199
10202
10200
10237
10205
75091
10211
10213
10227
10214
69198
10222
10221
10228
10219
69737
10235
10236
10240
10238
10245
10249
10248
10247
69489
10251
10254
10255
69614
10256
10259
10258
10262
10272
10274
10279
10287
10281
10278
10280
10282
75498
10286
10288
69622
10290
10299
10300
10302
10307
10303
69673
69315
10315
10310
10311
10317
11744
10324
10328
10325
69534
10329
10333
10341
75031
69219
10345
10343
10344
75500
10350
10351
69630
10353
10363
10358
10361
70690
75072
10352
10366
69235
10377
10370
10371
10379
69569
10376
10378
10375
10387
10385
10382
10383
10389
10384
10388
10406
10396
10394
10390
10395
10393
75503
69403
69470
10405
10397
10403
10407
10409
69526
69585
10414
10412
10410
10415
10420
10417
10422
10398
10416
10421
10424
10425
10423
10439
10434
10437
75506
10451
10442
10447
10446
10441
10456
10462
69825
70033
10463
70228
10465
10468
69809
10466
10461
10469
10459
10458
10470
75896
10471
70076
10475
10472
10473
10477
10481
10483
69868
10490
10497
10484
10482
10501
69999
10499
10494
10511
10504
10505
10506
69972
10512
10519
10513
10521
10528
10515
10518
10514
10527
70164
10526
10530
10534
10536
10535
10531
10544
10537
10538
10539
70199
70092
70113
10542
10545
10547
10548
10553
10552
10554
10550
10557
10556
10558
10564
10570
10565
10587
10562
70180
75510
10569
10572
10571
75511
10578
70148
70156
10580
10581
10586
10594
72389
10589
10593
69921
10595
10599
10601
75099
10602
70244
10606
10610
75512
10617
10623
10614
10622
10626
10627
10635
10633
10634
10636
10645
10644
10649
10651
10688
10659
10654
10653
10652
10706
75469
10662
10670
70260
10673
10676
10675
75220
10680
10678
10682
10685
10687
10683
10681
10693
10691
10696
10704
10705
75517
10697
10702
10709
70172
70893
10716
10714
10712
10713
10837
70367
10721
11745
75518
70316
70551
75232
10724
10729
10733
70666
10745
10738
10742
10739
75071
10737
10740
10755
70930
10750
10753
10754
10756
10748
10757
10764
10781
70447
70789
10761
10763
70471
10762
10769
10765
10768
10767
10766
10773
70340
10771
10772
10775
10774
10776
10782
76563
10789
10780
10785
70797
10790
10788
11747
10825
70519
11748
10784
10791
10797
10798
10796
10800
10801
70869
10805
10803
10809
10810
10811
10812
10818
10821
10820
10828
10827
10822
10826
71175
70375
10840
10835
70981
10830
10838
10839
10848
10860
10847
10841
10842
10845
10852
10844
75224
10853
70965
10861
10863
10869
10872
10877
70762
10870
10876
72602
10873
10871
71191
70500
75176
10884
10893
10885
70359
10894
70455
70586
10892
10936
75056
75526
10902
10907
10905
70391
10906
10914
10915
10909
10910
75231
10908
10922
10921
10918
10925
10920
70850
75190
10943
10928
70949
10929
71204
10935
10934
10931
10933
10940
10932
70420
10948
10964
10949
75527
10950
10953
10958
10957
75529
10979
10974
75222
10959
10966
71028
75528
72207
70308
10980
70711
70818
10973
10972
10977
71212
10992
10986
70607
70674
10984
10988
11005
75531
11016
11022
11021
11020
71538
11024
72098
11031
72688
11030
11036
11035
11037
11043
11038
11045
11048
71554
11050
11052
75215
71562
11065
11062
11064
75035
11066
11070
11079
72311
11111
71685
71845
77247
11082
11089
11090
11094
11096
11098
11102
11095
72135
11101
11100
72055
11103
11110
11117
75533
11119
11124
11125
11123
11128
71933
72928
11130
71909
75149
11139
11136
11135
11137
11141
11138
11142
71984
11145
72581
11150
11147
71837
11153
11158
11166
11154
11160
11161
11162
11170
71992
11169
11171
11175
11191
11186
19335
11189
11188
11187
72442
11192
11194
75536
75467
11205
71888
11203
11202
11211
71765
11212
11209
11208
11214
11207
75004
11217
11218
11215
11226
11225
11221
11231
75084
11239
11240
75077
75087
11246
75095
11257
11428
11258
11259
11265
11267
75041
11269
11272
75001
11273
75242
11276
11277
11278
11281
11285
11284
11283
11291
11294
11298
75100
11302
75068
75093
11307
75002
75076
11319
11311
75543
11314
11337
11327
75057
75544
11326
11320
11322
11323
11321
11329
11330
11331
11347
11344
11346
11339
11345
11342
11343
11348
11349
75075
11351
11350
11352
75088
11353
11356
75545
11362
11365
11366
75033
11371
75074
11378
11379
11377
75546
11380
11381
11382
11384
11385
11394
75079
11386
75090
11390
11393
11399
11411
11403
11401
75103
11408
11409
11416
75549
11422
11424
11425
11461
11429
11431
11430
11432
75082
11427
11426
75055
11434
11451
11449
11443
11445
11450
11452
75048
75058
11460
11454
11458
11436
11457
11459
11453
75163
11462
75098
11465
11475
75101
11483
11481
75164
11480
75175
11484
75180
11725
75155
75158
75187
11492
11489
75170
11497
11523
11495
11503
11504
11508
11510
11511
11518
11509
11521
11522
11525
11531
11532
11537
11533
11534
75551
11547
11546
11549
11541
11539
11545
75184
75154
11552
75107
75111
11555
11554
75156
11559
11560
11558
11569
11574
75173
11573
11572
75554
11581
11582
11583
11580
11577
75553
11584
11585
75172
11591
11592
11590
11595
11596
11600
11597
11603
11598
11593
11601
11611
75174
11604
11605
11614
75195
75557
11617
11620
11618
11621
75229
11622
11626
11630
11636
11635
75150
11641
11638
11640
75189
11656
11665
11657
11661
11663
11668
11662
11660
11670
75161
11678
11676
11820
11717
11681
11679
75560
11696
11684
75196
11694
11699
11702
11707
11706
75186
11701
11714
11708
75561
11715
11713
75193
11718
11719
11720
75106
11724
11734
11726
11729
11723
11737
11731
11730
11735
11736
11727
75227
11756
11757
11752
11761
11760
11764
11766
11767
11774
11769
11768
75233
75244
11773
11772
11775
75230
11782
11778
11779
11781
75563
11804
11805
75246
11806
75385
11809
11823
11825
11828
11831
11838
11866
11884
11929
10725
75259
11911
75568
11918
11953
10574
75261
78662
11921
11935
10359
11859
11881
11882
10184
11858
11913
11896
11958
75262
11960
11863
11900
11959
75570
11853
11905
75577
10360
11920
11942
75288
10677
75569
75576
11477
75291
10967
75308
75278
11051
11872
11004
75315
75283
11057
10897
75320
75294
11939
10457
75318
75319
75286
11868
11927
75316
10476
10923
75571
11925
11849
11928
11879
11951
75573
10011
11899
11955
11964
11871
11888
11071
11917
11619
11865
75310
11081
11857
11876
11904
12139
11936
75295
11106
12073
75333
75335
12062
11998
12013
11977
12118
12193
12120
75356
12273
12099
11970
75328
12127
75332
12149
11991
75358
12016
12147
12156
12200
12055
12086
75326
12170
12041
12050
12063
12067
11976
12195
12091
12102
75327
12094
12019
12031
11987
12284
12004
75348
12126
12048
11975
75397
12119
75585
12259
12130
12211
75422
12164
12281
12223
12115
12265
12201
12226
12231
12260
12186
75583
75418
75431
12276
12214
75383
12224
12208
12157
12150
12174
12172
12202
75664
12268
12238
12285
87130
12189
12165
12190
12131
12161
12198
12135
12182
75445
75680
75444
75683
75434
75440
75684
75688
75689
75437
75454
75448
75447
75693
75450
75696
75697
75698
75699
75701
75702
75711
75722
78699
75736
75734
75728
75730
75483
75485
75739
75478
75487
75488
75743
75745
75617
75748
75489
75750
75752
75614
75754
75634
75627
75615
75756
75757
75758
75760
75762
75761
75624
75635
79410
75622
75766
75772
75625
75592
75591
75603
75593
75777
75596
75597
75780
75602
75781
75606
75782
75607
75608
75609
75786
75954
75823
75801
75651
75962
75654
76070
75655
75966
75659
75657
75645
75660
78711
75643
75792
75794
75795
75793
75796
75972
75790
75798
75976
75800
75977
75815
75980
75818
75984
78717
75819
75808
75828
75820
75991
75821
75822
76000
75918
75825
75831
76002
75832
75833
76005
75873
75834
75835
75933
75836
76013
75844
75851
76016
75850
75852
75853
75854
76020
76023
76027
76021
76029
75857
75858
75860
75859
76077
76035
75848
75861
75862
76037
76038
76072
75865
75866
76043
75913
75889
75912
75903
75908
75888
75891
75880
75899
75905
75881
75906
75907
76052
75886
75902
75909
76062
75904
75910
76066
76315
75925
76309
76215
75929
76216
76445
75930
75931
76371
76075
76082
75849
76463
76085
78724
76076
76080
76318
76088
76095
76096
76098
76097
76374
76122
76099
76101
76142
76390
76104
76105
76106
76397
76110
76116
76391
76111
76373
76127
76131
76132
76387
76271
76148
76162
76336
76133
76134
76135
76138
76139
76146
76140
76149
76150
76317
76434
76141
76295
76165
76168
76166
76167
76290
76280
76383
76169
76170
76327
76353
76174
76173
76175
76186
76179
76176
76195
76193
76194
76199
76200
76201
76367
76219
76355
76205
76206
76207
76224
76211
76212
76267
76213
76214
76208
76217
76269
76460
76248
76222
78734
76330
76229
76227
76228
76223
76461
76240
76230
76231
76245
76457
76247
76232
76235
76418
76253
76421
76272
76256
76408
76342
76320
76257
76258
76259
76429
76261
76281
76354
76265
76262
76349
76286
76278
76430
76279
76475
76472
76531
76529
76980
76546
76549
76548
76547
76539
76543
76505
76507
76933
76554
76557
76910
76565
76957
76879
76566
76568
76577
76578
76579
76580
76582
76593
76584
76598
76984
76990
76585
76880
76586
76587
76596
76588
76589
76605
76613
76614
76860
76615
76617
76609
76619
76618
76620
76978
76855
76621
76622
76607
76623
76624
76625
76916
76856
76626
76627
76628
76895
76651
76630
76635
76652
76653
76654
76656
76837
76657
76658
77010
76659
76988
76637
76638
76671
76660
76981
76646
76661
76640
76905
76664
76662
76667
76665
76666
76891
76669
76685
76683
76689
76686
76687
76688
76691
76695
76692
76693
76673
76884
76696
76697
76698
76801
76699
76700
76701
76702
76703
76859
76705
76707
76704
76706
76708
76709
76711
76676
76712
76934
76677
76715
76713
76714
76716
76717
76718
76720
76721
76678
76723
76722
77007
76730
76836
76757
76758
76967
76734
76731
76732
76733
76759
76736
76737
76710
76738
76871
76763
76739
76740
76762
76741
76886
76742
76747
76745
76748
76768
76744
76746
76749
76976
76750
76752
76764
76754
76755
76753
76774
76772
76803
76773
76776
76908
76804
76779
76780
76782
76777
76945
76781
76783
76784
76791
76785
76975
76902
76977
76926
76788
76942
76790
76792
76793
76935
76795
76796
76797
76798
76806
76948
76838
76995
76943
76840
76996
76841
77144
76828
76842
76843
76844
76829
76845
76846
76851
76847
76848
76852
76968
38520
76952
77047
77204
77038
77081
77035
77248
77055
77077
77028
77032
77042
77045
77020
77023
77025
77034
77074
77056
77075
77040
77043
77049
77080
77226
77206
77229
77063
77039
77235
77197
77022
77062
77037
77052
77024
77026
77030
77036
77044
77021
77064
77242
77061
77029
77046
77027
77086
77108
77096
77083
77212
77107
77110
77089
77099
77109
77250
77085
77118
77098
77117
77092
77111
77207
77214
77218
77219
77119
77230
77090
77208
77120
77082
77095
77122
77103
77100
77106
77087
77088
77102
77104
77112
77097
77123
77094
77091
77113
77114
77162
77163
77165
77210
77217
77223
77167
77237
77224
77168
77169
77215
77175
77170
77171
77157
77173
77174
77151
77177
77238
77176
77222
77178
77182
77198
77179
77180
77191
77185
77150
77183
77184
86106
77186
77187
77159
77188
77189
77239
77257
77259
77260
77261
77262
77264
77265
77266
77289
77267
77268
77269
77272
77270
77271
77279
77273
77274
77275
77276
77277
77278
77282
77280
77281
77283
77284
77291
77285
77292
77286
77288
77304
77373
77296
77477
77294
77303
10343
77297
77298
77300
77320
77321
77322
77324
77325
77307
77323
77326
77329
77327
77330
77335
77331
77333
77338
77334
77339
77310
77318
77312
77340
77336
77337
77344
77341
77347
77348
77352
77491
77354
77353
77372
77368
77358
77370
77356
77371
77357
77366
77369
77362
77360
77380
77383
77456
77382
77387
77453
77384
77385
77393
78751
77388
77389
77390
77392
77452
77397
77396
77398
77403
77401
77461
77457
77481
77405
77406
77409
77407
77475
77416
77411
77413
77420
77422
77417
77418
77426
77465
77419
77421
77423
77424
77425
77427
77428
77434
77435
77473
77437
77438
77440
77442
77441
77472
77443
77444
77446
77451
77478
77494
77476
77447
77448
77495
77450
77496
77497
77499
77501
77502
77503
77505
77544
77508
77546
77509
77513
77510
77511
77516
77521
77515
77517
77518
77523
77520
77522
78754
77524
77531
77529
77530
77532
77534
78756
77536
77550
77538
77537
77539
77540
77541
77542
77543
77741
77572
77575
77574
77635
77584
77577
77580
77583
77581
77579
77582
77587
77593
77588
77595
77596
77599
77602
77597
77600
77610
77601
77613
77603
77612
77648
77614
77605
77616
77617
77606
77608
77619
77620
77622
77624
77621
77634
77630
77628
77629
77632
78759
77649
77637
77652
77723
77653
77654
77655
77659
77740
77663
77657
77660
77661
77662
77664
77667
77668
77669
77672
77673
77670
77644
77675
77676
77678
77679
77691
77685
77687
77695
77688
77684
77697
77698
77705
77699
77701
77714
77702
77708
77710
77770
77757
77771
77763
77777
77767
77773
77774
77776
77814
78766
77784
77815
77816
77785
77786
77787
77781
77793
77794
77803
77795
77796
77801
77811
77821
78772
77823
77824
77831
78775
77830
77833
77856
77832
77858
77837
78777
77836
77838
77841
77847
77844
77839
77840
77843
77845
77846
77848
77851
77852
77859
77864
77876
77829
77861
77863
77866
77867
77862
77865
77868
77870
77872
77887
77888
77883
77892
77900
77899
77901
77902
77912
77913
77919
77917
77926
77920
77929
77930
77924
77927
77932
77967
77968
77969
77971
77972
77978
78140
77976
77977
77979
77982
78027
77995
77984
77985
77987
77988
77989
77992
78010
77993
78780
78000
78003
78001
78024
78018
78019
78006
78184
78007
78008
78009
78021
78023
78022
78025
78015
78059
78026
78039
78033
78032
78034
78037
78041
78042
78038
78043
78050
78055
78051
78054
78053
78062
78065
78069
78066
78070
78074
78073
78078
78091
78168
78081
78083
78082
78085
78098
78102
78846
78101
78105
78104
78112
78786
78177
78179
78210
78924
78145
78787
78200
78198
78788
78189
78155
78789
78180
78176
78202
78215
78214
78194
79033
78192
78203
78113
78139
78172
78197
78217
78150
78796
78137
78170
78207
78804
78208
78211
78134
78146
78156
78201
78795
78148
78152
78193
78161
78209
78213
78157
78843
78835
78851
78812
78818
78826
78816
78825
78838
78831
78815
78864
78860
78839
78813
78820
78863
78859
78828
78836
78817
78913
78899
78901
78928
78912
78894
78907
78908
78877
78890
78891
78905
78872
78895
78879
78875
78881
78889
78897
78934
78876
78898
79124
78892
78915
78883
78916
78867
78937
78887
78946
78873
78869
78914
78920
78919
78900
79003
79032
78967
79002
79000
78981
79009
79043
79015
79021
78962
78974
79005
79006
79022
78964
78995
79010
79042
78955
78958
78965
78975
79008
78999
79024
78954
79037
78990
79007
79053
79018
78950
78951
79011
79035
78989
78987
79016
78985
79062
79057
78963
79061
79058
78956
79017
79025
78953
78971
78996
79141
78972
78980
78983
78994
78998
78959
79081
79084
78978
79023
79072
80106
79078
79074
79089
79097
79130
79083
79080
79104
79107
79108
79085
79121
79077
79117
79088
79137
79096
79103
79120
79132
79082
79091
79069
79093
79145
79079
79102
79068
79144
79094
79086
79197
79209
79210
79155
79207
79149
79163
79152
79156
79212
79196
79220
79175
79182
79183
79205
79153
79176
79167
79174
79160
79162
79177
79159
79168
79179
79198
79181
79191
79195
79164
79192
79169
79201
79188
79190
79157
79193
79237
79171
79172
79323
79314
79268
79292
79280
79247
79301
79290
79299
79302
79300
79263
79289
79248
86104
79328
79273
79294
79249
79260
79251
79253
79291
79257
79275
79336
66828
79271
79305
79288
79265
79269
79297
79296
79261
79310
79349
79535
79262
79337
79252
79283
79364
79245
79255
79298
79272
79307
79373
79276
79308
79367
79371
79435
79398
79413
79416
79437
79438
79376
79406
79409
79444
79424
79390
79423
79374
79385
77780
79445
79386
79421
79425
79377
79381
79392
79396
79400
79417
79402
79365
79379
79378
79366
79401
79422
79420
79370
79391
79405
79404
79415
79411
79418
79428
79455
79429
79384
79399
79464
79403
79462
79387
79393
79408
79419
79375
79467
79471
79473
79504
79509
79468
79470
79478
79481
79484
79541
79543
79511
79520
79518
79523
79507
79482
79472
79476
79490
79494
79499
79550
79530
79475
79498
79545
79488
79486
79496
79525
79533
79483
79505
79634
79501
79515
79521
79502
79508
79528
79503
79529
79526
79466
79491
79517
79516
79513
79527
79597
79577
79563
79887
79616
79564
79617
79619
79571
79572
79588
79603
79612
79662
79568
79599
80108
79664
79566
79567
79590
79594
79595
79607
79660
79615
79589
79624
79622
79667
79569
79605
79591
79668
79669
79670
79601
79606
79610
79613
79628
79713
79621
79627
79674
79698
79722
79738
79682
79706
76799
79731
79751
79716
79676
79710
79723
79724
79691
79701
79743
79677
79686
79695
79712
79757
79758
79711
79742
79745
79681
79703
79729
79766
79684
79707
79685
79689
79699
79772
79736
79735
79740
79687
79704
79708
79719
79721
79715
79725
79781
79739
79675
79720
79779
79683
79780
79700
79702
79730
79726
79728
79705
79718
79782
79819
79845
79909
79857
79876
79787
79828
79903
79831
79817
79818
79862
79906
79839
79790
79833
79804
79795
79855
79835
79858
79881
79791
79798
79874
80109
79869
79925
79878
79927
79908
79915
79886
79802
79812
79822
80167
79846
79865
79825
79866
79875
79788
79829
79830
79841
79860
79861
79868
79789
79803
79826
79850
79879
79883
79891
79929
79843
79917
79863
79922
79882
79794
79786
79809
79884
79799
79807
79847
79854
79880
79801
79808
79871
79797
79935
80019
79931
79977
80094
80052
80017
79950
79971
79973
80023
80044
80104
79999
80032
80055
79942
79951
80076
80027
80037
80103
79941
79940
80074
79959
80009
80028
80034
80051
80036
79991
80030
80049
79932
79933
80105
79948
80093
79997
80059
79954
79945
79966
79968
80091
79984
80006
80020
80026
80042
79934
79949
79962
80001
80012
80007
80050
80053
79938
79957
79975
79943
80000
80081
80038
79993
79989
79992
80018
80046
80003
80054
80148
80158
80154
80185
80126
80113
80161
80159
80132
80145
80114
80123
80134
80138
80140
80184
80160
80186
80189
80135
80165
80153
80146
80235
80252
80262
80268
80239
80242
80249
80289
80271
80293
80222
80231
80248
80264
80281
80285
80290
80214
80192
80238
80255
80270
80274
80236
80233
80265
80272
80279
80225
80585
80253
80199
80278
80200
80292
80376
80204
80256
80258
80226
80245
80250
80254
80206
80257
80286
80297
80228
80221
80193
80237
80243
80229
80244
80260
80196
80240
80280
80344
80300
80334
80359
80361
80366
80306
80322
80313
80325
80333
80353
80327
80309
80348
80372
80375
80358
80371
80324
80301
80386
80388
80343
80320
80396
80369
80316
80352
80370
80387
80329
80337
80345
80362
80382
80323
80332
80368
80311
80321
80341
80331
80393
80374
80310
80317
80305
80360
80404
80702
80302
80315
80351
80357
80303
80493
80479
80472
80422
80465
80485
80440
80452
80434
80463
80482
80487
80439
80416
80442
80700
80414
80415
80483
80432
80450
80420
80464
80468
80488
80443
80444
80447
80484
80454
80470
80477
80441
80448
80462
80469
80475
80481
80461
80480
80489
80431
80704
80460
80503
80583
80505
80539
80544
80504
80541
80543
80567
80558
80568
80594
80596
80598
80572
80497
80587
80512
80536
80542
80581
80589
80513
80530
80549
80554
80772
80506
80593
80578
80508
80514
80524
80556
80602
80561
80571
80605
80564
80592
80534
80498
80562
80565
80528
80537
80577
80526
80538
80552
80519
80553
80570
80575
80584
80499
80527
80548
80600
80560
80559
80563
80540
80679
80671
80640
80658
80660
80609
80674
80621
80635
80637
80651
80698
80615
79480
80694
80661
80608
80617
80613
80629
80610
80618
80628
80650
80647
80669
80612
80680
80663
80624
80668
80664
80616
80631
80636
80648
80667
80678
80666
80682
80642
80699
80652
80670
80649
80659
80771
80756
80713
81233
80748
80719
80753
80730
80750
80749
80729
80738
80759
80773
80746
80747
80736
80755
80751
80757
80761
80774
80752
80740
80743
80745
80763
80786
80802
80796
80828
80831
80833
80781
80843
80787
80788
80845
80840
80791
80839
80855
80798
80818
80820
80852
80853
80794
80809
80836
80789
80841
80797
80832
80790
80812
80829
80846
80851
80804
80854
80824
80803
80807
80827
80835
80858
80941
80934
80916
80924
80939
80864
80927
80995
80952
80921
80949
80954
80919
80925
80931
80913
80920
80930
80935
80914
80922
80940
80936
80947
80865
80932
80943
80951
80868
80933
80942
80915
80965
81012
81038
80967
81021
81011
80994
81025
80962
80963
80993
81007
81005
81048
81042
81023
80991
81008
80973
80972
80975
80982
81001
81003
81009
81010
81015
81018
80968
80957
80987
81004
81047
81013
81187
81020
80976
80969
80970
80971
81086
81084
81059
81063
81056
81110
81177
81119
81109
81098
81113
81111
81071
81107
81085
81074
81055
81058
81090
81096
81060
81108
81115
81079
81102
81106
81064
81118
81069
81051
81089
81099
81076
81116
81078
81153
81100
81150
81151
81138
81164
81152
81132
81142
81137
81162
81145
81157
81126
81169
81178
81184
81144
81166
81131
81173
81158
81185
81186
81146
81123
81160
81174
81128
81165
81172
81176
81181
81201
81228
81199
81212
81230
81191
81224
81196
81220
81226
81215
81221
81222
81202
81218
81232
81241
81288
81283
81285
81256
81275
81280
81245
81276
81253
81242
81264
81545
81248
81255
81269
81271
81272
81265
81238
81246
81249
81277
81266
81267
81279
81262
81240
81252
81290
81293
81282
81292
81281
81515
81519
81502
81514
81498
81481
81508
81482
81486
81504
81485
81487
81619
81475
81516
81300
81501
81505
81472
81477
81509
81496
81517
81506
81476
81296
81483
81470
81503
81582
81540
81566
81570
81578
81536
81534
81523
81553
81557
81563
81581
81538
81525
81530
81592
81521
81550
81552
81573
81586
81588
81539
81529
81551
81587
81591
81567
81575
81583
81653
81639
81599
81608
81631
81643
81616
81624
81637
81642
81635
81618
81640
81613
81597
81615
81626
81645
81634
81602
81656
81658
81621
81623
81600
81654
81629
81633
81650
81620
81632
81660
81648
81607
81685
81705
81759
81736
81683
81721
81740
81741
81676
81764
81679
81733
81747
81754
81682
81762
81743
81756
81697
81725
81761
81677
81689
81701
81687
81692
81696
81712
81749
81728
81760
81713
81751
81722
81668
81686
81665
81750
81684
81716
81714
81735
81748
81691
81715
81720
81738
81698
81699
81724
81742
81755
81873
81877
81879
81887
81902
81851
81776
81884
81899
81886
81767
81769
81890
81893
81858
81888
81784
81862
81871
81872
81897
81904
81906
81907
81878
81883
81895
81882
81901
81859
81898
81894
81778
83728
81849
81850
81854
81864
81869
81903
81866
81874
81891
82183
82225
82216
82214
82204
82202
82209
82221
82205
82206
82155
81914
82188
82192
82195
81922
82186
82218
82222
82156
82200
82228
82161
81920
82210
81925
82223
82157
82170
82177
82217
82226
82219
82159
82163
82172
82185
82199
81912
82160
82194
82201
82212
82282
82227
82193
82176
82191
82173
82178
82190
82207
82164
82168
82167
82234
82286
82253
82276
82252
82281
82268
82272
82237
82278
82656
82275
82285
82250
82261
82266
82235
82283
82290
82238
82247
82243
82287
82249
82255
82256
82258
82259
82265
82291
82494
82267
82280
82303
82481
82491
82488
82492
82504
82508
82533
82539
82511
82535
82536
82522
82471
82292
82295
82308
82298
82485
82490
84005
82495
82512
82515
82526
82476
82470
82518
82520
82505
82507
82474
82528
82467
82527
82530
82538
82493
82487
82482
82521
82472
82300
82501
82301
82513
82299
82489
82466
82306
82484
82510
82537
82524
82534
82655
82657
82307
83186
82640
82559
82567
82562
82581
82621
82551
82603
82627
82608
82610
82622
82566
82618
82576
82579
82584
82594
82568
82574
82593
82597
82620
82623
82544
82552
82588
82550
82643
82591
82549
82546
82564
82605
82558
82642
82572
82583
82612
82651
82547
82565
84181
82569
82602
82613
82615
82616
82614
82634
82557
82638
82639
82600
82644
82595
82548
82632
82635
82587
82590
82598
82604
82619
82626
82628
82577
82607
82554
82560
82606
82697
82719
82599
82732
82740
82762
82673
82724
82672
82707
82734
82738
82754
82761
82669
82711
82716
82720
82723
82744
82683
82729
82686
82663
82688
82759
82667
82703
83135
82715
82727
82722
82736
82769
82770
82751
82710
82717
82726
82749
82745
82746
82670
82768
82679
82695
82700
82704
82777
82741
82753
82755
82767
82783
82664
82731
82675
82760
82766
82701
82730
82757
82693
82702
82706
82666
82685
82681
82687
82691
82696
82698
82578
82739
82747
82713
82709
82758
82682
82845
82808
82840
82841
82821
82833
82835
82810
82818
82824
82827
82839
82837
82851
82831
82803
82832
82807
83121
82853
83143
82858
83180
83125
83123
83146
83152
83159
83163
83179
83165
83113
83130
83172
83106
83131
83160
83162
83183
83136
83137
83175
83127
82791
83161
82861
85409
83184
83157
83132
83150
83122
83133
83148
83154
83181
83185
83128
83151
83167
83178
83119
83129
83138
83145
83141
83120
83147
82857
83176
83156
83168
83174
83173
83111
83124
83134
83144
83164
82859
83140
83293
83303
82860
83191
83298
83246
83253
83271
83307
83269
83279
83251
83229
83318
83193
83263
83232
83324
83294
83308
83317
83270
83272
83276
83274
83291
83306
83275
83278
83283
83242
83256
83258
83266
83310
83231
83254
83285
83234
83235
83247
83259
83204
83277
83316
83286
83322
83280
83190
83284
83295
83313
83299
83314
83304
83238
83262
83267
83297
83230
83244
83309
83320
83241
83378
83392
83357
83360
83390
83397
83416
83436
83351
83370
83431
83381
83332
83413
83365
83401
83346
83407
83359
83355
83412
77610
83430
83435
83349
83343
83428
83389
83421
83368
83367
83391
83403
83423
83340
83366
83341
83358
83383
83415
83400
83348
83354
83362
83379
83395
83386
83418
83382
83405
83422
83388
83404
83429
83426
83473
83482
83485
83514
83553
83480
83497
83520
83525
83526
83580
83518
83531
83440
83524
83542
83582
83487
83499
83509
83453
83446
83496
83541
83457
83555
83567
83479
83447
83507
83516
83450
83569
83576
83508
83570
83523
83528
83527
83578
83470
83449
83561
83465
83466
83493
83506
83538
83547
83568
83574
83515
83546
83464
83490
83491
83459
83439
83475
83495
83498
83512
83539
83581
83452
83565
83534
83535
83557
83471
83489
83573
83550
76209
83537
83467
83503
83519
83549
83560
83575
83500
83559
83558
83685
83699
83623
83660
83688
83707
83616
83666
83690
83658
83612
83632
83674
83709
83651
83598
84009
83645
83657
83587
83649
83650
83605
83681
83611
83615
83664
83704
83703
83625
83637
83706
83626
83633
83594
83648
83655
83603
83621
83622
83638
83669
83606
83609
83700
83705
83629
83630
83653
83689
83692
83661
83662
83670
83676
83680
83608
83654
84400
83667
83588
83635
83665
83678
83639
83595
83597
83677
83686
83693
83694
83696
83702
83613
83618
83733
83719
83744
83740
83781
83785
83746
83766
83801
83778
83732
83805
83750
83809
83793
83737
83722
83789
83784
83769
83810
83768
83779
83800
83808
83735
83743
83720
83780
83721
83753
83794
83776
83803
83747
83731
83751
83777
83790
83799
83736
83807
83851
83758
83756
83797
83788
83878
83795
83916
83865
83866
83879
83832
83849
83830
83816
83902
83912
83840
83822
84003
83856
83870
83828
83899
83908
83915
83917
83844
83823
83873
83825
83911
83874
83887
83892
83838
83820
83861
83829
83836
83852
83857
83860
83883
83819
83877
83901
83834
83850
83862
83900
83843
83818
83897
83910
83884
83906
83890
83853
83869
83933
83921
83929
83957
83928
83941
83958
83962
84000
83969
83918
83981
83991
83931
83966
83983
83939
83979
83998
83976
83922
83948
83932
83990
83940
83944
84007
83956
83961
83967
83920
83925
83943
83950
83960
83965
83999
84001
83971
83982
83937
83942
83945
83946
83947
83953
84008
84047
84121
84074
84064
84127
84065
84099
84045
84023
84026
84089
84119
84117
84103
84027
84046
84062
84028
84094
84096
84110
84130
84128
84084
84120
84133
84135
84078
84087
84097
84036
84040
84148
84151
84018
84101
84052
84071
84106
84105
84134
84136
84066
84147
84150
84061
84108
84098
84039
84125
84043
84086
84113
84050
84111
84068
84085
84126
84042
84077
84092
84107
84118
84034
84132
84142
84141
84144
84055
84060
84080
84091
84093
84124
84139
84041
84076
84088
84032
84054
84025
84090
84154
84057
84024
84070
84075
84031
84146
84056
84164
84168
84179
84175
84252
84279
84187
84227
84242
84246
84259
84275
84282
84285
84226
84255
84191
84192
84202
84258
84271
84221
84238
84186
84222
84247
84182
84219
84280
84248
84197
84231
84243
84189
84250
84170
84263
84234
84274
84165
84214
84251
84257
84269
84266
85668
84235
84281
84213
84174
84224
12928
84230
84172
84240
84253
84262
84264
84159
84201
84217
84198
84169
84229
84208
84210
84167
84216
84267
84277
84283
84212
84318
84348
84329
84344
84350
84325
84330
84304
84341
84286
20598
84371
84333
84311
84349
84308
84342
84347
84352
84358
84312
84343
84291
84302
84339
84294
84310
84320
84327
84374
84288
84289
84361
84296
84317
84319
84321
84301
84324
84351
84337
84309
84438
84407
84422
84424
84418
84412
84419
84436
84441
84394
84385
84406
84416
84414
84427
84426
84428
84430
84434
84395
84440
84413
84420
84391
84429
84396
84415
84576
84531
84421
84552
84559
84588
84511
84577
84589
84525
84556
84570
84592
84566
84562
84519
84535
84536
84583
84517
84553
84578
84539
84514
84513
84523
84572
84560
84561
84569
84509
84537
84563
84545
84757
88745
84549
84565
84510
84573
84543
84546
84555
84587
84526
84530
84564
84551
84534
84568
84580
84550
84597
84594
84649
84638
84599
84644
84607
84606
84598
84620
84645
84631
84632
84624
84628
84616
84625
84601
84600
84605
84612
84613
84626
84627
84609
84604
84640
84650
84651
84617
84595
84737
84752
84731
84747
84755
84746
84758
84721
84763
84718
84761
84720
84728
84729
84662
84753
84730
85722
84663
84722
84744
84741
84800
84734
84785
84793
84802
84818
84810
84815
84779
84792
84780
84791
84790
84827
84788
84805
84776
84817
84816
84778
84811
84819
84821
84830
84771
84797
84796
84801
84789
84823
84768
85035
85023
85071
85005
85031
85075
85037
85014
85080
85004
85012
85018
85030
85072
85034
85015
85067
85027
85043
85051
85010
85028
85045
85013
85055
85001
85026
85040
85077
84997
85011
85021
85048
85038
85069
85029
85057
85063
85032
84998
85020
85044
85078
85046
85025
85042
85016
85065
85036
84999
85059
85240
85187
85249
85210
85168
85175
85191
85208
85212
85218
85177
85174
85173
85203
85219
85225
85184
85158
85162
85242
85227
85215
85157
85245
85247
85160
85241
85198
85246
85193
85214
85180
85206
85217
85163
85190
85197
85216
85171
85239
85213
85235
85165
85182
85196
85166
85159
85408
85188
85224
85223
85278
85277
85292
85304
85286
85280
85311
85313
85314
85291
85293
85261
85320
85297
85306
85326
85315
85290
85276
85319
85307
85318
85272
85284
85296
85323
85300
85258
85312
85289
85268
85281
85309
85310
85302
85298
85273
85288
85271
85366
85351
85400
85363
85382
85333
85338
85339
85372
85344
85390
85365
85378
85405
85379
85393
85373
88449
85331
85361
85371
85336
85380
85347
85352
85357
85354
85397
85402
85350
85353
85356
85395
85389
85385
85388
85355
85334
85360
85465
85429
85486
85516
85501
85463
85488
85436
85504
85437
85462
85502
85475
85477
85480
85511
85411
85499
85452
85505
85670
85498
85476
85482
85440
85508
85459
85458
85421
85432
85478
85483
85484
85493
85509
85500
85518
85415
85424
85474
86441
85514
85449
85473
85492
85489
85495
85456
85464
85481
85479
85512
85427
85515
85454
85419
85466
85510
85507
85513
85496
85597
85598
85533
85541
85588
85584
85590
85528
85540
85600
85557
85562
85596
85606
85568
85578
85531
85627
85566
85599
85556
85620
85611
85612
85621
85579
85582
85539
85548
85561
85546
85613
85622
85626
85560
85574
85571
85524
85538
85603
85542
85567
85573
85625
85593
85521
85549
85555
85609
85576
85581
85632
85526
85544
85553
85563
85536
85575
85629
85633
85522
85532
85550
85610
85618
85577
85589
85564
85565
85718
85702
85696
85701
85691
85700
85707
85719
86210
85698
85662
85690
85715
85688
85689
85710
85684
85683
85647
85713
85646
85697
85695
85716
85655
85704
85663
85641
85709
85653
85727
85733
85775
85776
85768
85724
85742
85732
85769
85738
85739
85755
85753
85758
85803
85853
85805
85827
85828
85835
85844
85855
85812
85854
85800
85818
85799
85814
85808
85813
85786
85933
85852
85804
85781
12959
85802
85782
85807
85831
85836
85792
85841
85801
85822
85850
85796
85791
85817
85816
85839
85825
85832
85815
85846
85847
85811
85849
85886
85889
85894
85892
85931
85903
85880
85921
85925
85902
85859
85900
85865
85882
85924
85862
85867
85871
85872
85878
85881
85887
85864
85870
85866
85868
85879
85923
85901
85919
85863
85932
85977
85987
85986
86000
85944
85984
85951
85939
85960
85967
85958
85952
85976
85988
85995
85985
85959
85964
85963
85990
85969
85972
85946
85992
85971
86006
85975
85989
85993
85962
85998
85956
85979
86047
86054
86018
85955
86085
86093
86070
86058
86073
86049
86061
86065
86037
86057
86062
86077
86034
86096
86017
86082
86041
86102
86063
86094
86066
86071
86039
86067
86021
86088
86083
86051
86055
86028
86060
86025
86033
86043
86097
86010
86092
89521
86045
86048
86089
86030
86149
86196
86128
86153
86125
86185
86173
86123
86164
86189
86156
86120
86179
86211
86182
86198
86209
86213
86215
86207
86170
86150
86137
86121
86166
86142
86193
86157
86187
86186
86144
86158
86174
86140
86171
86172
86133
86151
86199
86188
86139
86112
86176
86195
86146
86155
86115
86178
86180
86238
86252
86228
86288
86235
86254
86267
86234
87131
86237
86251
86285
86219
86227
86298
86241
86236
86250
86224
86301
86248
86274
86284
86287
86233
86258
86244
86249
86260
86223
86262
86272
86222
86259
86266
86257
86261
86265
86289
86296
86246
86281
86283
86297
86256
86225
86270
86340
86334
86323
86307
86309
86328
86332
86342
86322
86330
86305
86338
86326
86324
86339
86337
86316
86310
86315
86356
86352
86387
86368
86369
86435
86425
86401
86411
86432
34937
86424
34936
86436
86429
89858
86421
86434
86417
86540
86542
86514
86534
86489
86498
86445
86519
86487
86512
86501
86516
86515
86544
86532
86525
86541
86531
86520
90588
86579
86569
86563
86580
86565
86552
86549
86551
86556
86558
86553
89143
86547
86560
86586
86567
86577
86585
86726
86602
86709
86715
86590
86591
86595
86727
86731
86740
86593
86721
86594
86733
86738
86713
91608
86723
86729
86735
86710
86717
86742
86739
86711
86741
86720
86718
86724
86732
86725
86748
86780
86794
86784
88941
86774
86775
86779
86777
86769
86766
86795
86782
86763
86790
86768
86778
86783
86756
86762
86840
86522
86862
86839
86822
86802
86843
86810
86848
86849
86847
86835
86844
86813
86809
86850
86841
86828
86858
86866
86815
86819
86833
86831
86832
86838
86863
86829
86842
86827
86830
86836
86860
86816
86799
86868
86893
86903
86884
86888
86905
86913
86916
86918
86932
86877
86902
86904
86900
86924
86883
86926
86876
86931
86885
86887
86895
86928
86878
86907
86914
86934
86908
86891
86879
86882
86922
86886
86892
86906
86935
86881
86921
86867
86898
86912
86920
86915
86930
86890
86897
86910
86936
86919
86929
86956
87017
87011
86974
86964
86972
87018
86988
87009
86954
86980
86937
86959
86982
86949
86993
87010
86990
86981
86967
86955
87015
86996
86953
86983
86997
87006
87007
86968
86999
86952
87013
86986
86994
86995
87002
86958
86969
86975
86989
87001
86950
86965
86977
86979
86966
86991
87000
86998
86961
87008
86978
87019
87021
87022
87023
86985
87016
87020
87100
87102
87103
87126
87121
87049
87088
87073
87072
87076
87077
87093
87129
87061
87041
87092
87065
87066
87087
87051
87085
87104
87122
87099
87101
87106
87108
87031
87110
87109
87115
87089
87123
87074
87091
87095
87078
87056
87075
87096
87058
87068
87111
87124
87027
87060
87105
87107
87034
87116
87118
87052
87059
87062
87083
87081
87086
87050
87057
87036
87082
87097
87162
87157
87187
87139
87183
87165
87174
87181
87159
87171
87167
87168
87189
87160
87191
87134
87158
87166
87169
87175
87184
87155
87161
87179
87182
87150
87198
87197
87180
87178
87193
87153
87164
87140
87173
87176
87172
87156
87195
87249
87232
87244
87260
87259
87265
87228
87234
87241
87222
87225
87264
87258
87221
87220
87224
87240
87261
87239
87227
87237
87242
87212
87248
87229
87230
87238
87246
87226
87247
87254
87219
87236
87243
87216
87251
87253
87256
87255
87314
87358
87267
87313
87233
87353
87295
87301
87357
87304
87345
87309
87316
87284
87336
87347
87293
87323
87326
87327
87367
87350
87319
87331
87355
87334
87325
87360
87335
87364
87341
87365
87312
87277
87361
87351
87344
87356
87302
87310
87328
87298
87306
87332
87333
87343
87317
90358
87359
87329
87338
87352
87315
87363
87342
87349
87300
87321
87337
87299
87305
87307
87376
87407
87422
87380
87379
87428
87430
87378
87395
87383
87388
87403
87455
87447
87375
87450
87419
87392
87390
87416
87457
87382
87394
87454
87415
87411
87427
87432
87373
87452
87400
87414
87412
87429
87393
87377
87439
87401
87418
87458
87431
87396
87399
87420
87384
87385
87391
87424
87423
87456
87406
87409
87417
87496
87504
87482
87500
87510
87494
87474
87480
87484
87491
87473
87475
87490
87507
87527
87495
87502
87513
87498
87483
87497
87489
87503
87468
87487
87516
87492
87526
87521
87478
87523
87465
87517
87518
87557
87486
87499
87515
87479
87509
87574
87564
87561
87572
87536
87576
87569
87571
87539
87541
87559
87563
87568
87562
87610
87655
87632
87630
87634
87638
87595
87585
87583
87588
87598
87618
87639
87603
87605
87647
87604
87591
87830
87615
87640
87597
87650
87624
87646
87648
87606
87616
87617
87654
87625
87644
87589
87607
87642
87601
87633
87631
87649
87613
87636
87641
87643
87590
87596
87651
87609
87586
87608
87611
87628
87623
87593
87599
87612
87627
87587
87621
87797
87622
87793
87800
87752
87802
87806
87817
87825
87826
87778
87796
87770
87783
87794
87772
87775
87798
87807
87814
87799
87810
87763
87768
87664
87808
87780
87790
87811
87804
87823
87779
87795
87815
87748
87756
87754
87755
87803
87782
87812
87666
87668
87766
87765
87785
87764
87751
87750
87758
87777
87791
87827
87819
87829
87789
87844
87820
88207
88152
88172
88185
88202
88204
87842
88165
88174
88193
88195
88199
88169
88173
88178
88184
88159
88181
88168
88155
88167
88153
88180
88196
88191
88201
88157
88187
88186
88192
88176
88190
88194
87831
88182
88198
88263
88271
88272
88246
88255
88346
88256
88265
88254
88270
88251
88253
88260
88247
88275
88248
88237
88264
88262
88232
88249
88364
88333
88342
88383
88284
88316
88352
88324
88366
88368
88337
88282
88335
88347
88331
88321
88330
88281
88308
88370
88329
88360
88377
88338
88327
88345
88320
88332
88328
88385
88340
88369
88378
88359
88362
88417
88439
88422
88472
88467
88469
88474
88448
88457
88462
88458
88468
88471
88432
88419
88418
88475
88431
88466
88470
88476
88425
88440
88447
88420
88415
88423
88430
88434
88441
88446
88454
88456
88463
88477
88478
88421
88427
88451
88512
88580
88585
88524
88527
88569
88573
88510
88515
88485
88550
88562
88565
88566
88578
88520
88530
88514
88513
88534
88532
88563
88504
88526
88523
88542
88575
88497
88501
88500
88545
88556
88508
88546
88561
88574
88498
88521
88522
88529
88543
88544
88553
88559
88577
88499
88519
88540
88495
88558
88564
88579
88507
88572
88516
88571
88539
88551
88552
88503
88536
88554
89395
88582
88583
88535
88549
88570
88588
88652
88641
88623
88636
88648
88654
88622
88618
88627
88634
88601
88626
88649
88617
88620
88628
88616
88642
88651
88624
88632
88646
88615
88731
88721
88661
88739
88679
88733
88717
88740
88748
88730
88675
88681
88660
88743
88749
88727
88750
88668
89169
88682
88726
88746
88729
88734
88817
88799
88814
88809
88813
88801
88804
88785
88793
88784
88819
88807
88791
88790
88798
88786
88826
88803
88810
88839
88855
88856
88828
88837
88835
88836
88841
88869
88880
88868
88860
88863
88906
88910
88892
88897
88886
88915
88945
88913
88888
88940
88949
88938
88922
88948
88950
88952
88917
88930
88972
88954
88992
88973
88981
89031
88987
88977
88983
88991
88982
89033
89002
89032
89035
89017
89018
89006
89004
89007
89030
89008
89028
89023
89029
89046
89071
89036
89040
89044
89048
89039
89138
89110
89132
89108
89170
89177
89195
89167
89179
89172
89174
89204
89215
89203
89206
89244
89205
89224
89225
89273
89208
89213
89210
89246
89271
89247
89275
89269
89276
89258
89265
89260
89267
89277
89290
89303
89313
89307
89301
89311
89310
89302
89326
89347
89327
89350
89346
89322
89366
89353
89375
89367
89370
89352
89372
89374
89407
89396
89409
89399
89388
89397
89390
89387
89391
89383
89389
89393
89410
89394
89422
89442
89419
89420
89414
89445
89413
89431
89417
89418
89434
89463
89449
89448
89453
89472
89471
89511
89557
89541
89540
89532
89533
89558
89570
89568
89581
89574
89607
89577
89566
89569
89567
89575
89626
89641
89614
89622
89620
89612
89681
89684
89688
89694
89737
89750
89753
89772
89789
89781
89793
89797
89795
89796
89800
89806
89805
89822
89826
89824
90362
89811
89814
89850
89835
89830
89849
89829
89834
89866
89859
89864
89882
89860
89876
89881
89863
89862
89865
89868
89877
89871
89906
89914
89918
89920
89913
89922
89924
89905
89901
89904
89908
89893
89916
89919
89899
89917
89900
89946
89977
89927
89937
89964
89943
89926
89949
89952
89957
89963
89953
89942
89929
89939
89940
89973
89928
89932
89971
89933
89962
90017
90013
90008
90036
90031
90052
90020
90038
90024
90032
90055
90084
90034
90033
90021
90022
90039
90025
90026
90029
90044
90087
90095
90076
90078
90096
90098
90064
90097
90067
90079
90081
90088
90333
90113
90137
90125
90128
90127
90134
90135
90120
90122
90126
90129
90164
90165
90180
90188
90193
90190
90187
90162
90177
90179
90183
90192
90178
90194
90243
90199
90223
90236
90229
90231
90197
90207
90220
90237
90209
90233
90238
90222
90215
90241
90242
90200
90234
90232
90224
90210
90272
90282
90287
90273
90248
90290
90278
90294
90292
90251
90642
90286
90276
90247
90280
90277
90281
90283
90288
90275
90298
90285
90299
90249
90314
90321
90323
90316
90309
90327
90322
90312
90318
90325
91143
90303
90324
90319
90315
90341
90353
90357
90356
90368
90370
90361
90338
90360
90355
90363
90351
90437
90418
90427
90423
90408
90410
90387
90425
91977
90382
90409
90381
90413
90412
90405
90411
90402
90394
90426
90428
90424
90420
90371
90404
90374
90407
91905
90415
90378
90454
90450
90451
90466
90431
90439
90444
90453
90438
90460
90462
90455
90459
91108
90463
90484
90472
90501
90488
90515
90494
90475
90489
90468
90496
84780
90486
90478
90476
90477
90491
90505
90483
90493
90485
90516
90503
90504
90507
90514
90469
13938
90492
90520
90543
90546
90536
90541
90535
90540
90533
90594
90548
90589
90555
90598
90599
90604
90595
90554
90673
90567
90592
90564
90565
90597
90558
90605
90556
90566
90547
90602
90568
90569
90550
90632
90613
90639
90634
90616
90630
90667
90672
90653
90664
90650
91817
90669
91909
90643
90657
90679
90708
90701
90703
90704
90715
90677
90702
90699
90700
90706
90698
90714
90748
90743
90734
90742
90741
90758
90736
90725
90737
90717
90720
90724
90735
90732
90746
90749
90751
90759
90763
90795
90744
90747
90776
90830
90816
90804
90810
90791
90819
90873
90800
90807
90803
90813
90814
90789
90786
90792
90779
90926
90822
90812
90826
90876
90854
90867
90872
90877
90855
90831
90861
90856
90857
90863
90864
90838
90871
90853
90859
90860
90862
90870
90847
90829
90833
90848
92044
90858
90865
90849
90851
90832
90846
90843
90915
90904
90901
90885
90903
90889
90907
90912
90896
90900
90886
90910
90914
90894
90906
90913
90946
90950
90940
90943
90958
90920
90956
90951
90954
90945
90957
90955
90966
90984
90987
90977
90971
90968
90989
90992
90981
90993
90978
90963
90969
90979
90988
91012
90980
90962
91044
91033
91040
91020
91035
91032
91027
91061
91065
91028
92227
91017
91022
91045
91029
91019
91026
91013
91081
91073
91075
91076
91068
91085
91074
91080
91082
91084
91079
91114
91101
91094
91102
91104
91088
91091
91113
91127
91111
91119
91090
91109
91117
91099
91098
91086
91087
91115
91096
91199
91095
91112
91139
91154
91158
91152
91190
92689
91166
91157
91160
91151
91162
91163
91175
91192
91299
91200
91205
91179
91184
91186
91195
91178
91173
91394
91264
91172
91183
91215
91216
91280
91263
91279
91268
91267
91284
91212
91282
91841
91237
91233
91234
91350
91349
91348
91359
91415
91358
91372
91322
91354
91357
91371
91366
91370
91356
91301
91302
91362
91363
91365
91288
91352
91428
91393
91398
91389
91376
91395
91402
91390
91377
91401
91427
91410
91434
91426
91420
91413
91432
91453
91457
91490
91466
91485
91487
91463
91464
91472
91455
91438
91468
91462
91470
91486
92773
91494
91560
91493
91498
91547
91511
91510
91523
91548
91509
91528
91507
91500
91574
91503
91519
91495
91499
91524
91491
91502
91504
91621
91569
91612
91614
91618
91606
91607
91578
91600
91610
91561
91605
91623
91615
91571
91604
91845
91613
91575
91579
91611
91583
91598
91602
91594
91625
91584
91619
91617
91616
91640
91655
91659
91667
91628
91635
91666
91668
91671
91630
91638
91674
91675
91656
91681
91657
91658
91678
91662
91669
91680
91676
91664
91673
91653
91660
91663
91677
91726
91690
91654
91739
91707
91733
91740
91742
91730
91686
91688
91692
91756
91835
91987
91820
91813
91833
91819
91832
91814
91821
91822
91830
91750
91823
91885
91826
91824
91816
91825
91831
91829
91851
91940
91892
91946
91899
91912
91936
91889
91884
91898
91902
91850
91900
91894
92106
91888
91856
91857
91941
91896
91901
91906
91895
91887
91907
91969
92028
91957
91937
91980
91942
91958
91915
91963
91929
91965
91971
92034
92046
91973
92031
92043
92053
91975
92032
92010
92021
91983
92050
92048
92020
91979
92039
92052
92036
92038
92029
92018
92055
92042
92041
92150
92035
92040
92096
92126
92147
92104
92095
92101
92107
92093
92097
92154
92109
92089
92112
92108
92087
92102
92092
92144
92103
92132
92143
92199
92091
92207
92172
92198
92206
92202
92190
92182
92192
92250
92183
92177
92194
92210
92205
92191
92200
92204
92211
92203
92234
92243
92261
92239
92226
92229
92255
92244
92219
92220
92214
92258
92232
92221
92224
92257
92240
92269
92296
92380
92263
92268
92265
92333
92302
92334
92335
92327
92310
92309
92330
92316
92379
92419
92376
92319
92394
92343
92331
92341
92344
92422
92326
92374
92306
92338
92375
92304
92354
92547
92322
92345
92311
92307
92314
92301
92393
92446
92445
92454
92450
92421
92427
92431
92482
92430
92384
92429
92477
92435
92428
92386
92432
92400
92404
92507
92395
92426
92405
92389
92433
92402
92502
92455
92424
92385
92388
92448
92442
92486
92451
92481
92460
92480
92494
92471
92506
92472
92515
92457
92458
92510
92517
92493
92464
92518
92463
92465
92484
92485
92466
92497
92541
92584
92546
92549
92544
92527
92520
92551
92552
92558
92554
92588
92587
92611
92621
92614
92620
92643
92658
92648
92687
92672
92670
92679
92715
92722
92696
92753
92758
92728
92761
92765
92852
92890
92899
92901
92918
92902
92913
92924
92931
92934
92927
92948
92945
92943
92947
92940
92967
92984
92986
93002
93003
93004
92992
93044
93046
93019
93037
93014
93015
93018
93047
93026
93042
93035
93088
93079
93080
93089
93065
93085
93068
93077
93086
93074
93049
93056
93073
93071
93124
93098
93097
93111
93096
93141
93132
93118
93125
93095
93135
93122
93178
93193
93153
93174
93152
93185
93175
93224
93198
93200
93222
93202
93225
93205
93209
93227
93264
93267
93246
93247
93266
93262
93300
93297
93296
93301
93298
93305
93304
93289
93272
93371
93306
93307
93312
93299
93330
93323
93358
93352
93314
93350
93357
93339
93345
93351
93315
93317
93356
93340
93349
93329
93434
93390
93372
93381
93373
93380
93384
93401
93396
93382
12883
93369
93400
93370
93406
93429
93428
93418
93420
93405
93433
12017
93419
93415
93427
93436
93431
12021
11361
12025
12007
12026
12011
10223
12023
10158
11664
11003
11370
11999
12090
12038
12080
12051
12084
12085
12043
12081
12082
12089
12078
12070
12039
12293
12093
12312
12307
12097
12103
12288
12291
12324
12352
12101
12356
12325
12350
12329
12354
13276
12323
12349
12340
12359
12337
12339
12363
12348
12347
12357
12360
12341
12330
12342
12355
12353
12406
12390
12405
12391
12396
12410
12402
12377
12403
12374
12398
12366
12365
12364
12369
12400
12401
12367
12413
12392
12388
12446
12476
12440
12444
12481
12448
12488
12478
12489
12455
12454
12449
12477
12451
12494
12450
12473
12497
12513
12528
12521
12514
12542
12515
12541
12540
12499
12576
12559
12583
12587
12586
12574
12575
12544
12579
12557
12566
12577
12558
12580
12573
12572
12560
12584
12622
12629
12639
12794
12640
12591
12636
12660
12668
12698
12689
12644
12693
13409
12684
12682
12700
12687
12645
12680
12681
12641
12695
12683
12691
12699
12690
12798
12759
12746
12795
12783
12786
12793
12788
12756
12720
12791
12745
12751
12742
12747
12799
12787
12743
12748
12796
12719
12961
12797
12865
12878
12839
12873
12835
12885
13330
12879
12887
12882
12900
12922
12927
12905
12915
12892
12914
12924
12907
12913
12908
12894
12919
12960
12970
12946
13003
12974
13046
13049
15383
13022
13034
13079
13108
13093
13080
13083
13111
13106
13107
13103
13081
13109
13084
13110
13078
13160
13139
13116
13124
13142
13169
13201
13181
13203
13176
13202
13253
13255
13227
13244
13263
13267
13210
13250
13262
13222
13225
13280
13278
13260
13264
13261
13249
13254
13277
13318
13299
13284
13292
13326
13403
13321
13294
13314
13315
13317
13285
13302
13316
13329
13325
13298
13305
13323
13319
13358
13373
13337
13343
13352
13372
13365
13379
13367
13342
13349
13377
13369
13374
13351
13357
13336
13410
13384
13405
13391
13399
13402
13400
13406
13408
13407
13393
13431
13432
13456
13454
13447
13525
13527
13597
13535
13511
13520
13508
13526
13533
13509
13500
13501
13524
13519
13552
13551
13543
13548
13560
13547
13559
13544
13561
13539
13594
13579
13580
13585
13570
13576
13600
13583
13616
13604
13614
13617
13649
13632
13652
13634
13631
13642
13643
13644
13622
13625
13641
13647
13628
13695
13633
13615
13650
13751
13601
13626
13627
13687
13693
13698
13690
13700
13678
13701
13679
13714
13729
13730
13711
13824
13737
13749
13740
13752
13760
13747
13739
13759
13756
13746
13761
13748
13755
13788
13766
13799
13794
13773
13774
13787
13791
13800
13764
13828
13802
13819
13816
13829
13803
13825
13809
13827
13812
13830
13804
13807
13808
14166
13818
13877
14094
13867
13862
13885
13870
13837
13882
13858
13874
13843
13866
13861
13875
13860
13835
13894
13904
13927
82831
13941
13887
13886
13891
13895
13908
13911
13942
13943
13977
13934
14045
13920
13906
13932
13914
13918
13940
13890
13917
13909
13897
13898
13903
13905
13924
13999
14004
14005
13992
13983
13947
13967
13970
13956
13981
13990
13954
14010
13962
14003
13966
13949
13994
13957
13958
14001
13969
14006
13968
13959
14050
14030
14055
14042
14017
14036
14057
14035
14044
14051
14026
14052
14046
14056
14043
14053
14153
14092
14102
14062
14095
14099
14087
14097
14072
14063
14089
14173
14106
14093
14071
14065
14088
14101
14134
14149
14132
14176
14161
14148
14131
14159
14164
14151
14158
14160
14167
14145
14128
14150
14165
14157
14168
14169
14136
14143
14245
14182
14196
14221
14183
14214
14258
14256
14261
14179
14257
14230
14233
14229
14231
15056
14232
14238
14239
14244
14249
14228
14180
14353
14181
14240
14260
14263
14209
14235
14213
14274
14320
14271
14298
14316
14326
14317
14290
14291
14292
14295
14288
14318
14273
14308
14279
14312
14325
14321
14327
14301
14280
14313
14319
14311
14296
14287
14359
14332
14329
14334
14338
14352
14356
14335
14337
14340
14328
14431
14418
14416
14392
14408
14414
14378
14409
14423
14426
14422
14393
14434
14400
14442
14436
14448
14449
14450
14478
14458
14466
14455
14452
14489
14467
14447
14465
14456
14457
14471
14444
14451
14479
14459
14469
14463
14472
14535
14504
14550
14530
14502
14538
14540
14547
14531
14546
14516
14551
14495
14499
14537
14555
14524
14527
14514
14661
14528
14553
14521
14554
14498
14500
14556
14506
14607
14580
14594
14611
14596
14567
14570
14578
14573
14600
14589
14558
14591
14566
14603
14588
14559
14579
14574
14602
14612
14572
14608
14609
14615
14616
14666
14647
14617
14654
14668
14643
14646
14618
14658
14644
14633
14676
14670
14650
14641
14630
14677
14675
14655
14669
14645
14625
14634
14667
14714
14707
14881
14697
14755
14753
14687
14715
14703
14716
14721
14706
14708
15139
14712
14690
14704
14711
14719
14695
14710
14713
14688
14723
14705
14718
14802
14694
14750
14754
14734
14696
14810
14822
14801
14829
14877
14797
14807
14792
14827
14878
14785
14828
14831
14782
14834
14818
14805
14836
14778
14759
14812
14806
14823
14786
14774
14927
14830
14777
14783
14790
14826
14763
14803
14814
14815
14776
14789
14851
14871
14856
14858
14865
14857
14879
14864
14870
14852
14855
14874
14849
15017
14923
14936
14890
14937
14929
14935
14888
14930
14889
14928
14908
14915
14938
14898
14902
14918
15006
14992
14994
15020
14982
14945
14986
14995
14972
15023
14983
15003
14961
15024
14959
15022
15010
14970
15013
14985
14981
15014
14954
14956
15009
14969
14991
14984
15011
14990
15015
15129
14952
15016
14953
15008
15031
15089
15059
15046
15087
15067
15071
15084
15072
15053
15058
15055
15079
15082
15065
15140
15074
15088
15052
15033
15048
15062
15060
15075
15068
15045
15080
15132
15092
15135
15120
15175
15126
15128
15133
15105
15108
15119
15110
15116
15125
15134
15223
15180
15164
15271
15145
15187
15171
15176
15177
15181
15172
15159
15167
15183
15184
15224
15266
15192
15194
15217
15220
15198
15218
15292
15196
15221
15268
15263
15264
15244
15270
15276
15293
15277
15267
15272
15259
15315
15295
15304
15285
15282
15286
15305
15291
15294
15327
15302
15323
15283
15280
15313
15303
15284
15340
15381
15361
15370
15374
15371
15359
15378
15363
15349
15375
15372
15382
15351
15367
15339
15525
15365
15343
15357
15358
15337
15425
15451
15452
15486
15435
15440
15428
15432
15390
15482
15415
15450
15426
15430
15436
15416
15487
15454
15429
15466
15478
15409
15410
15431
15485
15441
15590
15550
15496
15585
15534
15497
15577
15535
15507
15530
15582
15541
15494
15654
15527
15531
15664
15533
15581
15652
15524
15542
15493
15523
15599
15643
15646
15630
15627
15783
15638
15636
15623
15785
15792
15782
15658
15656
15694
15832
15674
15784
15787
15724
15795
15789
15775
15729
15774
15779
15793
15899
15833
15703
15791
15711
15735
15780
15734
15786
15788
15841
15829
15838
15856
15857
15825
15824
15858
15831
15850
15849
15826
15837
15897
15909
15896
15936
15937
15934
15950
16012
15976
15970
15960
16005
10000
16024
16020
16019
16022
16181
16064
16069
16083
16082
16051
16104
16067
16066
16077
16062
16163
16063
16073
16074
16076
16173
16068
16084
16090
16099
16100
16145
16119
16120
16108
16140
16111
16149
16162
16182
16159
16188
16154
16171
16186
16187
16268
16253
16250
16255
16260
16263
16247
16465
16333
16287
16319
16303
16309
16285
16318
16281
16282
16298
16338
16290
16332
16308
16304
16435
16450
16382
16393
16437
16392
16522
16377
16452
16402
16401
16383
16384
16386
16398
16451
16449
16434
16381
16464
16397
16461
16471
16515
16528
16532
16496
16525
16519
16535
16524
16631
16557
16562
16573
16554
16553
16570
16560
16581
16591
16582
16592
16577
16579
16632
16595
16626
16611
16674
16642
16624
16603
16614
16617
16597
16677
16673
16665
16659
16648
16649
16683
16669
16654
16681
16653
16650
16667
16664
16655
16656
16657
16660
16675
16668
16751
16771
16711
16691
16709
16793
86067
16700
16692
16789
16794
16750
16712
16705
16739
16710
16698
16697
16788
16805
16768
16777
16753
16864
16802
16778
16784
16874
16792
16776
16755
16783
16756
16795
16806
16820
16814
16925
16818
16824
16813
16905
16827
16828
16895
16911
16830
16826
16829
16879
16875
16922
16866
16913
17032
16988
16883
16964
16936
16980
16940
16923
16963
16928
16938
16927
16957
16931
16933
16962
16924
16930
16929
16932
16961
16975
17000
16966
17031
16967
16989
16987
16992
17019
16968
17201
16990
16998
17023
17114
17002
17109
16971
16984
16991
17033
17034
17092
17042
17035
17043
17044
17045
17046
17113
17156
17117
17108
17058
17115
17093
17104
17098
17106
17094
17097
17105
17088
17047
17037
17121
17038
17122
17134
17120
17107
17255
17147
17178
17154
17155
17125
17148
17135
17126
17141
17150
17146
17262
17367
17222
17221
17357
17309
17223
17226
17251
17361
17254
17263
17227
17266
17256
17252
17271
17272
17326
17310
17308
17327
17330
17307
17322
17273
17281
17317
17301
17366
17332
17315
17306
17781
17325
17684
17318
17381
17349
17350
17369
17374
17345
17696
17341
17354
17342
17380
17378
17346
17358
17379
17362
17360
17372
17382
17819
17678
17672
17695
17692
17673
17700
17691
17685
17688
17701
17826
17803
17836
17799
17825
17800
17784
17801
17802
17811
17818
17787
17832
17824
17788
17790
17809
17795
17817
17821
17816
17901
17813
17987
17893
17920
17916
81021
17855
17939
17906
17976
17878
17890
17978
17871
17868
17870
17877
17919
17887
17889
17892
17908
17886
17894
18010
17891
17905
17864
17867
17879
17880
17883
17966
17898
17899
17900
17876
18042
17957
17959
17947
17948
17958
17964
17970
17977
17974
17973
17955
17949
18047
17967
17956
17980
17950
17968
17972
17944
17951
17984
17971
17979
18012
18011
18057
18013
18114
18043
18061
18051
18184
18044
18129
18102
18215
18086
18204
18152
18202
18132
18087
18126
18127
18096
18106
18062
18063
18077
18133
18131
18099
18108
18113
18097
18128
18100
18085
18089
18130
18071
18116
18134
18135
18203
18250
18248
18136
18137
18138
18141
18193
18195
18162
18212
18209
18210
18185
18205
18206
18183
18249
18211
18213
18145
18197
18179
18190
18208
18214
18223
18320
18257
18247
18222
18326
18302
18357
18361
18261
18259
18292
18312
18321
18370
18299
18360
18317
18311
18419
18303
18372
18364
18365
18368
18406
18376
18377
18401
18405
18397
18415
18402
18409
18413
18539
18552
18558
18408
18457
18456
18549
18466
18467
18424
18450
18661
18458
18452
18465
18562
18565
18561
18566
18480
18555
18514
18482
18545
18563
18567
18515
18559
18485
18484
18642
18571
18572
18675
18676
18645
18668
18573
18678
18778
18677
18575
18646
18648
18655
18709
18663
18664
18671
18835
18776
18660
18670
18576
18830
18644
18715
18579
18580
18662
18840
18647
18656
18669
18781
18802
18743
18844
18725
18726
18780
18768
18727
18785
18772
18774
18735
18783
18782
18852
18739
18775
18769
18770
18771
18794
18779
18777
18784
18936
18939
18853
18836
18786
18953
18838
18846
18938
18807
18808
18829
18787
18798
18832
19007
18789
18790
18810
18815
18937
18831
18854
18900
18886
18898
18902
19077
18887
18896
19025
19029
18897
18895
19076
18908
18907
18909
19071
18960
18961
19064
18910
18955
18911
18963
18912
18958
18940
18997
19008
19031
19001
19012
19032
18967
19061
19138
19002
18996
19004
19011
19017
18968
19026
18994
18969
19016
19021
19069
19135
19114
19140
19080
19067
19072
19058
19073
19066
19075
19106
19146
19082
19070
19083
19136
19065
19081
19037
19068
19139
19148
19084
19134
19113
19145
19128
19142
19141
